obj:col.cubeCollision.000
qut:1.000000 0.000000 0.000000 0.000000
pos:-0.000000 -0.000000 0.025570
scl:0.185432 0.185432 2.892763
obj:col.cubeCollision.001
qut:0.664005 0.245570 0.661826 -0.246536
pos:0.001785 -0.001792 0.262263
scl:0.224250 0.224252 2.482941
obj:col.cubeCollision.002
qut:0.190337 0.771547 0.413785 -0.444151
pos:0.113154 0.127667 -0.279816
scl:0.561432 0.125994 1.312649
obj:col.cubeCollision.003
qut:0.351516 0.409151 0.211715 -0.814991
pos:-0.113586 -0.137084 -0.274988
scl:0.561432 0.125994 1.312649
