obj:col.cubeCollision.000
qut:1.000000 0.000000 0.000000 0.000000
pos:-0.000000 0.003814 0.026039
scl:0.872998 0.872998 1.668557
