obj:col.boxCollision.000
qut:1.000000 0.000000 0.000000 0.000000
pos:0.000000 0.000000 0.036527
scl:0.393068 0.071475 0.789247
