obj:col.capsuleCollision.000
qut:1.000000 0.000000 0.000000 0.000000
pos:0.000691 -0.000504 0.070315
scl:0.297981 0.297981 0.644535
