obj:col.cubeCollision.000
qut:1.000000 0.000000 0.000000 0.000000
pos:0.000000 0.000000 0.000000
scl:1.000000 1.000000 1.000000
obj:col.cubeCollision.001
qut:1.000000 0.000000 0.000000 0.000000
pos:0.000000 0.000000 0.000000
scl:1.000000 1.000000 1.000000
obj:col.cubeCollision.002
qut:1.000000 0.000000 0.000000 0.000000
pos:0.000000 0.000000 0.000000
scl:1.000000 1.000000 1.000000
obj:col.cubeCollision.003
qut:1.000000 0.000000 0.000000 0.000000
pos:0.000000 0.000000 0.000000
scl:1.000000 1.000000 1.000000
