obj:col.cubeCollision.000
qut:1.000000 0.000000 0.000000 0.000000
pos:-0.000000 -0.000000 0.000000
scl:1.578097 0.119266 2.530248
