obj:col.cubeCollision.000
qut:1.000000 0.000000 0.000000 0.000000
pos:-0.000000 -0.000000 0.000000
scl:0.173177 1.000000 1.331743
