obj:col.cubeCollision.000
qut:0.999377 -0.000000 0.035285 0.000000
pos:-0.002691 -0.000000 -0.041239
scl:0.060981 0.980543 1.153184
