obj:obj.propulsion.000
qut:1.000000 0.000000 0.000000 0.000000
pos:0.000000 -0.367336 0.000000
scl:1.000000 1.000000 1.000000
obj:obj.propulsion.001
qut:0.707107 0.000000 0.000000 -0.707107
pos:-0.371236 0.001060 0.000000
scl:1.000000 1.000000 1.000000
obj:obj.propulsion.002
qut:-0.500000 -0.500000 0.500000 0.500000
pos:0.001865 0.001060 -0.652927
scl:1.000000 1.000000 1.000000
obj:obj.tardis.000
qut:1.000000 0.000000 0.000000 0.000000
pos:0.000000 0.000000 0.000000
scl:1.000000 1.000000 1.000000
