obj:col.cubeCollision.000
qut:1.000000 0.000000 0.000000 0.000000
pos:-0.000000 -0.000000 -0.019880
scl:2.060039 2.060039 3.674167
