obj:obj.catDude.000
qut:0.008520 0.000000 0.000000 0.999964
pos:0.000000 2.726005 1.394497
scl:1.000000 1.000000 1.000000
obj:obj.propulsion.000
qut:1.000000 0.000000 0.000000 0.000000
pos:-1.037683 -4.836053 -0.302245
scl:1.000000 1.000000 1.000000
obj:obj.XCRXtarsus.000
qut:1.000000 0.000000 0.000000 0.000000
pos:0.000000 0.000000 0.000000
scl:1.000000 1.000000 1.000000
