obj:col.collisionCube.000
qut:1.000000 0.000000 0.000000 0.000000
pos:-0.000000 -0.000000 0.000000
scl:-0.157736 -0.157736 -0.157736
