obj:col.cylinderCollision.000
qut:1.000000 0.000000 0.000000 0.000000
pos:0.000000 0.000000 0.000000
scl:0.382259 0.382259 0.454351
