obj:col.sphereCollision.000
qut:1.000000 0.000000 0.000000 0.000000
pos:0.000391 -0.002397 -0.004420
scl:-0.093542 -0.093542 -0.093542
