obj:col.boxCollision.000
qut:1.000000 0.000000 0.000000 0.000000
pos:-0.000000 -0.000805 -0.064364
scl:0.326025 0.205331 0.140079
obj:col.cylinderCollision.000
qut:0.707601 0.000000 -0.706612 0.000000
pos:0.000000 0.000000 0.000000
scl:0.205986 0.205353 0.323762
