obj:col.box2dCollision.000
qut:1.000000 0.000000 0.000000 0.000000
pos:0.000000 0.000000 0.065380
scl:0.016581 1.000000 0.248127
obj:col.box2dCollision.001
qut:0.998876 0.000000 0.047411 -0.000000
pos:-0.016345 -0.000000 -0.329873
scl:0.016539 1.000000 0.164580
obj:col.boxCollision.000
qut:1.000000 0.000000 0.000000 0.000000
pos:0.040120 -0.000000 0.228831
scl:-0.039968 -0.035486 -0.069356
