obj:obj.island.000
qut:1.000000 0.000000 0.000000 0.000000
pos:0.000000 0.000000 0.000000
scl:1.000000 1.000000 1.000000
