obj:col.cubeCollision.000
qut:1.000000 0.000000 0.000000 0.000000
pos:-0.000000 0.014323 0.000000
scl:23.587507 93.754768 23.587507
