obj:col.boxCollision.000
qut:1.000000 0.000000 0.000000 0.000000
pos:-0.000000 0.006451 -0.019354
scl:0.430173 0.430173 0.800226
