obj:col.boxCollision.000
qut:1.000000 0.000000 0.000000 0.000000
pos:0.002963 0.002963 -0.174811
scl:0.515781 -0.088422 0.737896
obj:col.cylinderCollision.000
qut:0.707012 0.707201 0.000000 0.000000
pos:0.008889 0.000000 0.542210
scl:0.519648 0.512806 0.082015
