obj:col.boxCollision.000
qut:1.000000 0.000000 0.000000 0.000000
pos:0.000000 0.000000 0.000000
scl:-0.066685 0.355147 0.485509
