obj:col.boxCollision.000
qut:1.000000 0.000000 0.000000 0.000000
pos:0.101079 -0.005854 -0.304143
scl:0.037304 0.143084 0.341983
obj:col.cylinderCollision.000
qut:0.707960 0.000000 -0.706252 0.000000
pos:0.000000 0.000000 0.000000
scl:0.463432 0.463433 0.045984
