obj:obj.propulsion.000
qut:1.000000 0.000000 0.000000 0.000000
pos:-1.037683 -4.836053 -0.302245
scl:1.000000 1.000000 1.000000
obj:obj.techionCannonWeapon.000
qut:1.000000 0.000000 0.000000 0.000000
pos:0.813172 4.245297 0.109342
scl:1.000000 1.000000 1.000000
obj:obj.techionCannonWeapon.001
qut:1.000000 0.000000 0.000000 0.000000
pos:-0.844775 4.245297 0.109342
scl:1.000000 1.000000 1.000000
obj:obj.XCRXtarsus.000
qut:1.000000 0.000000 0.000000 0.000000
pos:0.000000 0.000000 0.000000
scl:1.000000 1.000000 1.000000
